00-------01-------02
|         |        |
|  03----04----05  |
|  |      |     |  |
|  |  06-07-08  |  |
|  |  |      |  |  |
09-10-11    12-13-14
|  |  |      |  |  |
|  |  15-16-17  |  |
|  |            |  |
|  18----19----20  |
|         |        |
21-------22-------23
	   
possible mills:
top->bottom  left->right
(00,01,02)   (00,09,21)
(03,04,05)   (03,10,18)
(06,07,08)   (06,11,15)
(09,10,11)   (01,04,07)
(12,13,14)   (16,19,22)
(15,16,17)   (08,12,17)
(18,19,20)   (05,13,20)
(21,22,23)   (02,14,23)

00 -> 1,9
01 -> 0,2,4
02 -> 1,14
03 -> 4,10
04 -> 1,3,5,7
05 -> 4,13
06 -> 7,11
07 -> 6,8
08 -> 7,12
09 -> 0,10,21
10 -> 3,9,11,18
11 -> 6,10,15
12 -> 8,13,17
13 -> 5,12,14,20
14 -> 2,13,23
15 -> 11,16
16 -> 15,17,19
17 -> 12,16
18 -> 10,19
19 -> 16,18,20,22
20 -> 13,19
21 -> 9,22
22 -> 19,21,23
23 -> 14,22

